pic	energie [MeV]	position	err(pos)	largeur	err(lar)	integral	err(int)	pression[mb]	distance [mm]	P_0 [mb]	X_0 [mm]	a	b
2	6.1817045284	1899.94	0.63	9.11	0.65	242.96	15.59	6.43	0.290903424285686	994.66	45	0.00305786	0.371954
2	5.6979204978	1741.73	0.85	11.2	1.06	253.24	25.11	100.7	4.5558281221724				
2	5.322782233	1619.05	1.4	14.61	2.21	177.23	13.21	200.42	9.06731948605554				
2	4.881074356	1474.6	1.61	18.89	1.98	235.1	15.33	300.6	13.5996219813806				
2	4.4288474406	1326.71	1.59	18.99	2.33	226.68	15.06	403.7	18.2640299197716				
2	3.9230773966	1161.31	2.08	24.58	2.86	234.92	15.32	503.7	22.7881889288802				
2	3.4339726896	1001.36	4.3	39.75	9.3	297.97	17.26	605.2	27.3802103231255				
2	3.8961988072	1152.52	116.51	70.93	202.05	3526.06	59.38	705	31.8953210142159				
2	2.2885594908	626.78	71.36	253.05	113.1	987.4	31.42	802.1	36.2882794120604				
